10
100
150 150 150 151 152 152 152 153 153 154 154 155 155 155 156 158 158 159 159 160 161 162 162 162 162 162 163 163 163 163 163 163 163 164 164 164 164 165 165 167 167 167 167 169 170 170 170 171 171 172 172 172 173 174 175 176 177 178 178 179 180 182 183 183 183 184 184 184 185 186 186 187 188 190 190 191 191 193 192 191 191 193 193 193 193 193 194 194 194 195 195 196 196 197 197 197 198 198 198 199
100
150 150 150 151 152 152 152 153 153 154 154 155 155 155 156 158 158 159 159 160 161 162 162 162 162 162 163 163 163 163 163 163 163 164 164 164 164 165 165 167 167 167 167 169 170 170 170 171 171 172 172 172 173 174 175 176 177 178 178 179 180 182 183 198 198 197 197 197 196 196 195 195 194 194 194 193 193 193 193 193 191 191 192 193 191 191 190 190 188 187 186 186 185 184 184 184 183 183 198 199
100
150 150 150 151 152 152 152 153 153 154 154 155 155 155 156 158 158 159 159 160 161 162 162 162 162 162 163 163 163 163 163 163 163 164 164 164 164 165 165 167 167 167 167 169 170 170 170 171 171 172 172 172 173 174 175 176 177 178 178 179 180 182 183 183 183 184 184 184 185 186 186 187 188 190 190 191 191 193 192 191 191 193 193 193 193 193 194 194 194 195 195 196 196 197 197 197 198 198 198 199
100
150 150 150 151 152 152 152 153 153 154 154 155 155 155 156 158 179 178 178 177 176 175 174 173 172 172 172 171 171 170 170 170 169 167 167 167 167 165 165 164 164 164 164 163 163 163 163 163 163 163 162 162 162 162 162 161 160 159 159 158 180 182 183 183 183 184 184 184 185 186 186 187 188 190 190 191 191 193 192 191 191 193 193 193 193 193 194 194 194 195 195 196 196 197 197 197 198 198 198 199
100
150 150 150 151 152 152 152 153 153 154 154 155 155 155 156 158 158 159 159 160 161 162 162 162 162 162 163 163 163 163 163 163 163 164 164 164 164 165 165 167 167 167 167 169 170 170 170 171 171 172 172 172 173 174 175 176 177 178 178 179 180 182 183 183 183 184 184 184 185 186 186 187 188 190 190 191 191 193 192 191 191 193 193 193 193 193 194 194 194 195 195 196 196 197 197 197 198 198 198 199
100
150 150 150 151 152 152 171 153 153 154 154 155 155 155 156 158 179 178 178 177 176 175 174 173 172 172 172 171 171 170 170 170 169 167 167 167 167 165 165 164 164 164 164 163 163 163 163 163 163 163 162 162 162 162 162 161 160 159 159 158 180 182 183 183 183 184 184 184 185 186 186 187 188 190 190 191 191 193 192 191 191 193 193 193 193 193 194 194 194 195 195 196 196 197 197 197 198 198 198 199
100
150 171 150 151 171 152 171 171 171 171 154 155 155 155 156 158 158 159 159 160 161 162 162 162 171 162 163 163 163 163 163 163 163 164 164 164 171 165 165 167 171 167 167 169 170 170 170 171 171 172 172 171 173 174 175 176 177 178 178 171 180 182 183 183 171 184 184 184 185 186 186 171 188 190 190 191 191 193 171 191 191 171 193 193 193 193 194 194 194 195 195 196 196 197 197 197 198 198 198 199
100
150 171 150 151 171 152 171 171 171 171 154 155 155 155 156 158 158 159 159 160 161 162 162 162 171 162 190 190 188 171 186 186 185 184 184 184 171 183 183 182 180 171 178 178 177 176 175 174 173 171 172 172 171 171 170 170 170 169 167 167 171 167 165 165 171 164 164 164 163 163 163 163 163 163 163 191 191 193 171 191 191 171 193 193 193 193 194 194 194 195 195 196 196 197 197 197 198 198 198 199
100
150 171 150 151 171 152 171 171 171 171 154 155 155 155 156 158 158 159 163 163 163 163 163 164 164 164 171 165 165 167 171 167 167 169 170 170 170 171 171 172 172 171 173 174 175 176 177 178 178 171 180 182 183 183 171 184 184 184 185 186 186 171 188 190 190 162 171 162 162 162 161 160 159 163 163 191 191 193 171 191 191 171 193 193 193 193 194 194 194 195 195 196 196 197 197 197 198 198 198 199
100
150 171 150 151 171 152 171 171 171 171 154 155 155 155 156 158 158 159 159 160 161 162 162 162 171 162 190 190 188 171 186 186 185 184 184 184 171 183 183 182 180 171 178 178 177 176 175 174 173 171 172 172 171 171 170 170 170 169 167 167 171 167 165 165 171 164 164 164 163 163 163 163 163 163 163 191 191 193 171 191 191 171 193 193 193 193 194 194 194 195 195 196 196 197 197 197 198 198 198 199
