10
20
150 155 155 160 160 165 169 176 181 183 189 188 187 187 191 192 193 194 196 198
20
150 155 155 160 194 193 192 191 187 187 188 189 183 181 176 169 165 160 196 198
20
150 155 155 160 160 165 169 176 181 183 189 188 187 187 191 192 193 194 196 198
20
187 188 189 183 181 176 169 165 160 160 155 155 150 187 191 192 193 194 196 198
20
171 188 189 183 181 176 169 171 160 160 155 155 198 196 194 193 192 191 187 150
20
176 181 183 189 188 171 169 171 160 160 155 155 198 196 194 193 192 191 187 150
20
171 169 171 188 189 183 181 176 160 160 155 155 198 196 194 193 192 191 187 150
20
155 155 160 160 176 181 183 189 188 171 169 171 198 196 194 193 192 191 187 150
20
171 169 171 188 189 183 181 176 160 160 155 155 198 196 194 193 192 191 187 150
20
171 169 171 188 189 183 160 176 181 160 155 155 198 196 194 193 192 191 187 150
